200 58.129991 52.657851 «gapt»
201 58.133966 52.675791 «gtk»
202 58.134392 52.643057 «gptk»
203 58.137695 52.661805 «gmt»
204 58.152154 52.664499 dosaaf
205 58.129910 52.658098 driving school «gapt»
206 58.134003 52.675673 driving school gtk
207 58.145758 52.662941 plaza
208 58.141874 52.694716 driving school 15 
209 58.135512 52.680546 1
210 58.137405 52.672171 2
211 58.140015 52.649675 3
212 58.145718 52.662959 4
213 58.145288 52.660424 5
214 58.140336 52.658410 6
215 58.125554 52.676256 8
216 58.143305 52.629780 9
217 58.134341 52.687290 11
218 58.140683 52.637534 12
219 58.139359 52.640911 13
220 58.138555 52.691351 14
221 58.141806 52.694731 15